11111111101111111111111111111111111100000000000000000000
01010101010101010101010101010101010101010101010101010101
00000000000000000000000000000000000000000000000000000000
01010101010101010101010101010101010101010101010101010101
01010101010101010000010101010101010101010000010101010101
01010101010101010111010101010101010101010111010101010101
00000000000000000000000000000000000000000000000000000000
01010101010101010111010101010101010101010111010101010101
01010101010101010000010101010101010101010000010101010101
01010101010101010101010101010101010101010101010101010101
00000000000000000000000000000000000000000000000000000000
01010101010101010101010101010101010101010101010101010101
01010101010101010101010101010101010101010101010101010101
